Time (s)	Voltage (V)	Current (A)
0	-1.02303	-0.00140777
0.359	-1.0235	-0.00435193
0.559	-1.0245	-0.00644908
0.759	-1.0255	-0.00823022
0.959	-1.0265	-0.00982844
1.159	-1.0275	-0.0113708
1.359	-1.0285	-0.0128464
1.559	-1.0295	-0.0141824
1.759	-1.0305	-0.0154684
1.959	-1.0315	-0.0167365
2.159	-1.0325	-0.0179192
2.359	-1.0335	-0.0190582
2.559	-1.0345	-0.0202245
2.759	-1.0355	-0.021321
2.959	-1.0365	-0.0223822
3.159	-1.0375	-0.0234405
3.359	-1.0385	-0.0244704
3.559	-1.0395	-0.0254535
3.759	-1.0405	-0.0264156
3.959	-1.0415	-0.0274065
4.159	-1.0425	-0.0283915
4.359	-1.0435	-0.0293153
4.559	-1.0445	-0.0302301
4.759	-1.0455	-0.0311612
4.959	-1.0465	-0.0320558
5.159	-1.0475	-0.0329094
5.359	-1.0485	-0.0338144
5.559	-1.0495	-0.0346639
5.759	-1.0505	-0.0355018
5.959	-1.0515	-0.0363621
6.159	-1.0525	-0.0372408
6.359	-1.0535	-0.0380671
6.559	-1.0545	-0.0388881
6.759	-1.0555	-0.0397499
7.159	-1.056	-0.0395335
7.359	-1.057	-0.0407532
7.559	-1.058	-0.0416763
7.759	-1.059	-0.0425473
7.959	-1.06	-0.0434477
8.159	-1.061	-0.0443355
8.359	-1.062	-0.0451573
8.559	-1.063	-0.0459757
8.759	-1.064	-0.0468415
8.959	-1.065	-0.0477081
9.159	-1.066	-0.0484879
9.359	-1.067	-0.0492906
9.559	-1.068	-0.0501365
9.759	-1.069	-0.0509261
9.959	-1.07	-0.0516698
10.159	-1.071	-0.0525168
10.359	-1.072	-0.0532965
10.559	-1.073	-0.054101
10.759	-1.074	-0.0549324
10.959	-1.075	-0.0557934
11.159	-1.076	-0.0566479
11.359	-1.077	-0.0574977
11.559	-1.078	-0.0583428
11.759	-1.079	-0.0591471
11.959	-1.08	-0.0599937
12.159	-1.081	-0.0608042
12.359	-1.082	-0.0616526
12.559	-1.083	-0.0624995
12.759	-1.084	-0.0632658
12.959	-1.085	-0.0640827
13.159	-1.086	-0.0648838
13.359	-1.087	-0.0656547
13.559	-1.088	-0.0665364
13.759	-1.089	-0.0674268
13.959	-1.09	-0.0682793
14.159	-1.091	-0.069071
14.359	-1.092	-0.0699018
14.559	-1.093	-0.0707139
14.759	-1.094	-0.0716069
14.959	-1.095	-0.0725206
15.159	-1.096	-0.0733805
15.359	-1.097	-0.074187
15.559	-1.098	-0.0750042
15.759	-1.099	-0.075885
15.959	-1.1	-0.0766463
16.159	-1.101	-0.077481
16.359	-1.102	-0.0783768
16.559	-1.103	-0.0792042
16.759	-1.104	-0.0800255
16.959	-1.105	-0.0808074
17.159	-1.106	-0.0816983
17.359	-1.107	-0.0825573
17.559	-1.108	-0.0833979
17.759	-1.109	-0.0842569
17.959	-1.11	-0.0849875
18.159	-1.111	-0.0858478
18.359	-1.112	-0.0867162
18.559	-1.113	-0.0875865
18.759	-1.114	-0.0886077
18.959	-1.115	-0.08944
19.159	-1.116	-0.0902779
19.359	-1.117	-0.091131
19.559	-1.118	-0.0919576
19.759	-1.119	-0.0928707
19.959	-1.12	-0.0938082
20.159	-1.121	-0.094582
20.359	-1.122	-0.0955262
20.559	-1.123	-0.0965044
20.759	-1.124	-0.097327
20.959	-1.125	-0.0981881
21.159	-1.126	-0.0991873
21.359	-1.127	-0.100201
21.559	-1.128	-0.101068
21.759	-1.129	-0.101893
21.959	-1.13	-0.102707
22.159	-1.131	-0.103573
22.359	-1.132	-0.104555
22.559	-1.133	-0.105578
22.759	-1.134	-0.106509
22.959	-1.135	-0.107513
23.159	-1.136	-0.108383
23.359	-1.137	-0.109316
23.559	-1.138	-0.110212
23.782	-1.1385	-0.11034
23.982	-1.1395	-0.111846
24.182	-1.1405	-0.112973
24.382	-1.1415	-0.113768
24.582	-1.1425	-0.114675
24.782	-1.1435	-0.115587
24.982	-1.1445	-0.116721
25.182	-1.1455	-0.117645
25.382	-1.1465	-0.118584
25.582	-1.1475	-0.119538
25.782	-1.1485	-0.120328
25.982	-1.1495	-0.121485
26.182	-1.1505	-0.122431
26.382	-1.1515	-0.123391
26.582	-1.1525	-0.124182
26.782	-1.1535	-0.12507
26.982	-1.1545	-0.12591
27.182	-1.1555	-0.126897
27.382	-1.1565	-0.127677
27.582	-1.1575	-0.128542
27.782	-1.1585	-0.12936
27.982	-1.1595	-0.130145
28.182	-1.1605	-0.131164
28.382	-1.1615	-0.131896
28.582	-1.1625	-0.132836
28.782	-1.1635	-0.133556
28.982	-1.1645	-0.134649
29.182	-1.1655	-0.135578
29.382	-1.1665	-0.136383
29.582	-1.1675	-0.137344
29.782	-1.1685	-0.138314
29.982	-1.1695	-0.139219
30.182	-1.1705	-0.140214
30.382	-1.1715	-0.141151
30.582	-1.1725	-0.142177
30.782	-1.1735	-0.143003
30.982	-1.1745	-0.143953
31.182	-1.1755	-0.145125
31.382	-1.1765	-0.145939
31.582	-1.1775	-0.146861
31.782	-1.1785	-0.147645
31.982	-1.1795	-0.148643
32.182	-1.1805	-0.149718
32.382	-1.1815	-0.15063
32.582	-1.1825	-0.151449
32.782	-1.1835	-0.152316
32.982	-1.1845	-0.153403
33.182	-1.1855	-0.15448
33.382	-1.1865	-0.155215
33.582	-1.1875	-0.156336
33.782	-1.1885	-0.15747
33.982	-1.1895	-0.15838
34.182	-1.1905	-0.159084
34.382	-1.1915	-0.159855
34.582	-1.1925	-0.160876
34.782	-1.1935	-0.161958
34.982	-1.1945	-0.162757
35.182	-1.1955	-0.163859
35.382	-1.1965	-0.164755
35.582	-1.1975	-0.165518
35.782	-1.1985	-0.166674
35.982	-1.1995	-0.167757
36.182	-1.2005	-0.168512
36.382	-1.2015	-0.169575
36.582	-1.2025	-0.170344
36.782	-1.2035	-0.171209
36.982	-1.2045	-0.172099
37.182	-1.2055	-0.173223
37.382	-1.2065	-0.17427
37.582	-1.2075	-0.175178
37.782	-1.2085	-0.176021
37.982	-1.20947	-0.176769
38.182	-1.21047	-0.177776
38.382	-1.21147	-0.178733
38.582	-1.21247	-0.179868
38.782	-1.21347	-0.180993
38.982	-1.21447	-0.181812
39.182	-1.21547	-0.182359
39.382	-1.21647	-0.182944
39.582	-1.21747	-0.183998
39.782	-1.21847	-0.184931
39.982	-1.21947	-0.18588
40.182	-1.22047	-0.186913
40.382	-1.22147	-0.187829
40.582	-1.22247	-0.188815
40.782	-1.22347	-0.189578
40.982	-1.22447	-0.190438
41.182	-1.22547	-0.191653
41.382	-1.22647	-0.192503
41.582	-1.22747	-0.193621
41.782	-1.22847	-0.194771
41.982	-1.22947	-0.195675
42.182	-1.23047	-0.196663
42.382	-1.23147	-0.197434
42.582	-1.23247	-0.198293
42.782	-1.23347	-0.199036
42.982	-1.23447	-0.199903
43.182	-1.23547	-0.201051
43.382	-1.23647	-0.202192
43.582	-1.23747	-0.203295
43.782	-1.23847	-0.204245
43.982	-1.23947	-0.205053
44.182	-1.24047	-0.206047
44.382	-1.24147	-0.20691
44.582	-1.24247	-0.208221
44.782	-1.24347	-0.209058
44.982	-1.24447	-0.209864
45.182	-1.24547	-0.210763
45.382	-1.24647	-0.211844
45.582	-1.24747	-0.212936
45.782	-1.24847	-0.213761
45.982	-1.24947	-0.214515
46.182	-1.25047	-0.215872
46.382	-1.25147	-0.216729
46.582	-1.25247	-0.2177
46.782	-1.25347	-0.21861
46.982	-1.25447	-0.219514
47.182	-1.25547	-0.220613
47.382	-1.25647	-0.221468
47.582	-1.25747	-0.22278
47.782	-1.25847	-0.223652
47.982	-1.25947	-0.2246
48.182	-1.26047	-0.225765
48.382	-1.26147	-0.226809
48.582	-1.26247	-0.227386
48.782	-1.26347	-0.228695
48.982	-1.26447	-0.229795
49.182	-1.26547	-0.230661
49.382	-1.26647	-0.231384
49.582	-1.26747	-0.232633
49.782	-1.26847	-0.233623
49.982	-1.26947	-0.234491
50.182	-1.27047	-0.235341
50.382	-1.27147	-0.236457
50.582	-1.27247	-0.237861
50.782	-1.27347	-0.238816
50.982	-1.27447	-0.239577
51.182	-1.27547	-0.240431
51.382	-1.27647	-0.241518
51.582	-1.27747	-0.242484
51.782	-1.27847	-0.243866
51.982	-1.27947	-0.244496
52.182	-1.28047	-0.245292
52.382	-1.28147	-0.246495
52.582	-1.28247	-0.247131
52.782	-1.28347	-0.248336
52.982	-1.28447	-0.249242
53.182	-1.28547	-0.24997
53.382	-1.28647	-0.251058
53.582	-1.28747	-0.252057
53.782	-1.28847	-0.252816
53.982	-1.28947	-0.253802
54.182	-1.29047	-0.254509
54.382	-1.29147	-0.255439
54.582	-1.29247	-0.256594
54.782	-1.29347	-0.257577
54.982	-1.29447	-0.259051
55.182	-1.29547	-0.259919
55.382	-1.29647	-0.260769
55.582	-1.29747	-0.261556
55.782	-1.29847	-0.262503
55.982	-1.29947	-0.263666
56.182	-1.30047	-0.264788
56.382	-1.30147	-0.266342
56.582	-1.30247	-0.26723
56.782	-1.30347	-0.268053
56.982	-1.30447	-0.268814
57.182	-1.30547	-0.270033
57.382	-1.30647	-0.2705
57.582	-1.30747	-0.271555
57.782	-1.30847	-0.272782
57.982	-1.30947	-0.273631
58.182	-1.31047	-0.274679
58.382	-1.31147	-0.275591
58.582	-1.31247	-0.276837
58.782	-1.31347	-0.277838
58.982	-1.31447	-0.27881
59.182	-1.31547	-0.279858
59.382	-1.31647	-0.280926
59.582	-1.31747	-0.28208
59.782	-1.31847	-0.283122
59.982	-1.31947	-0.284065
60.182	-1.32047	-0.284984
60.382	-1.32147	-0.286028
60.582	-1.32247	-0.287374
60.782	-1.32347	-0.2883
60.982	-1.32447	-0.288794
61.182	-1.32547	-0.289837
61.382	-1.32647	-0.290949
61.582	-1.32747	-0.292174
61.782	-1.32847	-0.293286
61.982	-1.32947	-0.294018
62.182	-1.33047	-0.294694
62.382	-1.33147	-0.295515
62.582	-1.33247	-0.296646
62.782	-1.33347	-0.297861
62.982	-1.33447	-0.299088
63.182	-1.33547	-0.299656
63.382	-1.33647	-0.300449
63.605	-1.33697	-0.304044
63.805	-1.33797	-0.306617
64.005	-1.33897	-0.306902
64.205	-1.33997	-0.307388
64.405	-1.34097	-0.308357
64.605	-1.34197	-0.309118
64.805	-1.34297	-0.31162
65.005	-1.34397	-0.312087
65.205	-1.34497	-0.313574
65.405	-1.34597	-0.313913
65.605	-1.34697	-0.315324
65.805	-1.34797	-0.315593
66.005	-1.34897	-0.317215
66.205	-1.34997	-0.31816
66.405	-1.35097	-0.319162
66.605	-1.35197	-0.31938
66.805	-1.35297	-0.320664
67.005	-1.35397	-0.323147
67.205	-1.35497	-0.324203
67.405	-1.35597	-0.324979
67.605	-1.35697	-0.325679
67.805	-1.35797	-0.325785
68.005	-1.35897	-0.328858
68.205	-1.35997	-0.32844
68.405	-1.36097	-0.329439
68.605	-1.36197	-0.330987
68.805	-1.36297	-0.332451
69.005	-1.36397	-0.332921
69.205	-1.36497	-0.333255
69.405	-1.36597	-0.334722
69.605	-1.36697	-0.335011
69.805	-1.36797	-0.337084
70.005	-1.36897	-0.337288
70.205	-1.36997	-0.338044
70.405	-1.37097	-0.339131
70.605	-1.37197	-0.340319
70.805	-1.37297	-0.340872
71.005	-1.37397	-0.341355
71.205	-1.37497	-0.343117
71.405	-1.37597	-0.343617
71.605	-1.37697	-0.344946
71.805	-1.37797	-0.344656
72.005	-1.37897	-0.34726
72.205	-1.37997	-0.348576
72.405	-1.38097	-0.349049
72.605	-1.38197	-0.3514
72.805	-1.38297	-0.350946
73.005	-1.38397	-0.352626
73.205	-1.38497	-0.353483
73.405	-1.38594	-0.353995
73.605	-1.38694	-0.354725
73.805	-1.38794	-0.356633
74.005	-1.38894	-0.357625
74.205	-1.38997	-0.358901
74.405	-1.39097	-0.358873
74.605	-1.39197	-0.360407
74.805	-1.39297	-0.361362
75.005	-1.39397	-0.362905
75.205	-1.39497	-0.363436
75.405	-1.39594	-0.364114
75.605	-1.39694	-0.365188
75.805	-1.39794	-0.367418
76.005	-1.39894	-0.368635
76.205	-1.39994	-0.368129
76.405	-1.40094	-0.371208
76.605	-1.40194	-0.371851
76.805	-1.40294	-0.37169
77.005	-1.40394	-0.372015
77.205	-1.40494	-0.373857
77.405	-1.40594	-0.375641
77.605	-1.40694	-0.376203
77.805	-1.40794	-0.378109
78.005	-1.40894	-0.379694
78.205	-1.40994	-0.379161
78.405	-1.41094	-0.380777
78.605	-1.41194	-0.381112
78.805	-1.41294	-0.382474
79.005	-1.41394	-0.38391
79.205	-1.41494	-0.384819
79.405	-1.41594	-0.385523
79.605	-1.41694	-0.387496
79.805	-1.41794	-0.38799
80.005	-1.41894	-0.388564
80.205	-1.41994	-0.388077
80.405	-1.42094	-0.391331
80.605	-1.42194	-0.392854
80.805	-1.42294	-0.393378
81.005	-1.42394	-0.393985
81.205	-1.42494	-0.394163
81.405	-1.42594	-0.394697
81.605	-1.42694	-0.394904
81.805	-1.42794	-0.398854
82.005	-1.42894	-0.399038
82.205	-1.42994	-0.400024
82.405	-1.43094	-0.402462
82.605	-1.43194	-0.403231
82.805	-1.43294	-0.403226
83.005	-1.43394	-0.404842
83.205	-1.43494	-0.405614
83.405	-1.43594	-0.406931
83.605	-1.43694	-0.406535
83.805	-1.43794	-0.408479
84.005	-1.43894	-0.40923
84.205	-1.43994	-0.410518
84.405	-1.44094	-0.410526
84.605	-1.44194	-0.412978
84.805	-1.44294	-0.413623
85.005	-1.44394	-0.414638
85.205	-1.44494	-0.41498
85.405	-1.44594	-0.416553
85.605	-1.44694	-0.418389
85.805	-1.44794	-0.419378
86.005	-1.44894	-0.420216
86.205	-1.44994	-0.420226
86.405	-1.45094	-0.422455
86.605	-1.45194	-0.422956
86.805	-1.45294	-0.423758
87.005	-1.45394	-0.424756
87.205	-1.45494	-0.426029
87.405	-1.45594	-0.427989
87.605	-1.45694	-0.427238
87.805	-1.45794	-0.42981
88.005	-1.45894	-0.431107
88.205	-1.45994	-0.430776
88.405	-1.46094	-0.431879
88.605	-1.46194	-0.432881
88.805	-1.46294	-0.434946
89.005	-1.46394	-0.435254
89.205	-1.46494	-0.437268
89.405	-1.46594	-0.436748
89.605	-1.46694	-0.437896
89.805	-1.46794	-0.439633
90.005	-1.46894	-0.44134
90.205	-1.46994	-0.442049
90.405	-1.47094	-0.442012
90.605	-1.47194	-0.442822
90.805	-1.47294	-0.445572
91.005	-1.47394	-0.44638
91.205	-1.47494	-0.446607
91.405	-1.47594	-0.447886
91.605	-1.47694	-0.449518
91.805	-1.47794	-0.449595
92.005	-1.47894	-0.452829
92.205	-1.47994	-0.45326
92.405	-1.48094	-0.453244
92.605	-1.48194	-0.455172
92.805	-1.48294	-0.456117
93.005	-1.48394	-0.456681
93.205	-1.48494	-0.458501
93.405	-1.48594	-0.459027
93.605	-1.48694	-0.459282
93.805	-1.48794	-0.460552
94.005	-1.48894	-0.461829
94.205	-1.48994	-0.463355
94.405	-1.49094	-0.463605
94.605	-1.49194	-0.464849
94.805	-1.49294	-0.465669
95.005	-1.49394	-0.466449
95.205	-1.49494	-0.467551
95.405	-1.49594	-0.468407
95.605	-1.49694	-0.471044
95.805	-1.49794	-0.473179
96.005	-1.49894	-0.473079
96.205	-1.49994	-0.474993
96.405	-1.50094	-0.475341
96.605	-1.50194	-0.476048
96.805	-1.50294	-0.477388
97.005	-1.50394	-0.478018
97.205	-1.50494	-0.478264
97.405	-1.50594	-0.480325
97.605	-1.50694	-0.481414
97.805	-1.50794	-0.48331
98.005	-1.50894	-0.482998
98.205	-1.50994	-0.484315
98.405	-1.51094	-0.48498
98.605	-1.51194	-0.486653
98.805	-1.51294	-0.487117
99.005	-1.51394	-0.488716
99.205	-1.51494	-0.48955
99.405	-1.51594	-0.49125
99.605	-1.51694	-0.491616
99.805	-1.51794	-0.492799
100.005	-1.51894	-0.493532
100.205	-1.51994	-0.494027
100.405	-1.52094	-0.496663
100.605	-1.52194	-0.497203
100.805	-1.52294	-0.497502
101.005	-1.52394	-0.499001
101.205	-1.52494	-0.499329
101.405	-1.52594	-0.500585
101.605	-1.52694	-0.501507
101.805	-1.52794	-0.503772
102.005	-1.52894	-0.503933
102.205	-1.52994	-0.506232
102.405	-1.53094	-0.505628
102.605	-1.53194	-0.506499
102.805	-1.53294	-0.506716
103.005	-1.53394	-0.506835
103.205	-1.53494	-0.5093
103.405	-1.53594	-0.5104
103.605	-1.53694	-0.5113
103.805	-1.53794	-0.51296
104.005	-1.53894	-0.514887
104.205	-1.53994	-0.516154
104.405	-1.54094	-0.516611
104.605	-1.54194	-0.517029
104.805	-1.54294	-0.519378
105.005	-1.54394	-0.52025
105.205	-1.54494	-0.52112
105.405	-1.54594	-0.524082
105.605	-1.54694	-0.523729
105.805	-1.54794	-0.524886
106.005	-1.54894	-0.525589
106.205	-1.54994	-0.526017
106.405	-1.55094	-0.528677
106.605	-1.55194	-0.529174
106.805	-1.55294	-0.530712
107.005	-1.55394	-0.532793
107.205	-1.55494	-0.5332
107.405	-1.55594	-0.534486
107.605	-1.55694	-0.536289
107.805	-1.55794	-0.536478
108.005	-1.55894	-0.537099
108.205	-1.55994	-0.537721
108.405	-1.56094	-0.538203
108.605	-1.56194	-0.540092
108.805	-1.56294	-0.541546
109.005	-1.56394	-0.54197
109.205	-1.56494	-0.543417
109.405	-1.56594	-0.544141
109.605	-1.56694	-0.545574
109.805	-1.56794	-0.546335
110.005	-1.56894	-0.546817
110.205	-1.56991	-0.54887
110.405	-1.57091	-0.547826
110.605	-1.57194	-0.549187
110.805	-1.57294	-0.550774
111.005	-1.57394	-0.552062
111.205	-1.57494	-0.553537
111.405	-1.57594	-0.555548
111.605	-1.57694	-0.555264
111.805	-1.57794	-0.55753
112.005	-1.57894	-0.558064
112.205	-1.57994	-0.560514
112.405	-1.58094	-0.56122
112.605	-1.58191	-0.562204
112.805	-1.58291	-0.56249
113.005	-1.58391	-0.563418
113.205	-1.58491	-0.56428
113.405	-1.58591	-0.564933
113.605	-1.58691	-0.567638
113.805	-1.58791	-0.567881
114.005	-1.58891	-0.568303
114.205	-1.58991	-0.570685
114.405	-1.59091	-0.570434
114.605	-1.59191	-0.572344
114.805	-1.59291	-0.572673
115.005	-1.59391	-0.574584
115.205	-1.59491	-0.575334
115.405	-1.59591	-0.575784
115.605	-1.59691	-0.578334
115.805	-1.59791	-0.578376
116.005	-1.59891	-0.580161
116.205	-1.59991	-0.581001
116.405	-1.60091	-0.581479
116.605	-1.60191	-0.584852
116.805	-1.60291	-0.585059
117.005	-1.60391	-0.585491
117.205	-1.60491	-0.584983
117.405	-1.60591	-0.586738
117.605	-1.60691	-0.587699
117.805	-1.60791	-0.589695
118.005	-1.60891	-0.589877
118.205	-1.60991	-0.590132
118.405	-1.61091	-0.59295
118.605	-1.61191	-0.594651
118.805	-1.61291	-0.595086
119.005	-1.61391	-0.596195
119.205	-1.61491	-0.598269
119.405	-1.61591	-0.598915
119.605	-1.61691	-0.599303
119.805	-1.61791	-0.600722
120.005	-1.61891	-0.60213
120.205	-1.61991	-0.602941
120.405	-1.62091	-0.603624
120.605	-1.62191	-0.604485
